1749326741934 198080080.0 0
1749326742085 197826272.0 1
1749326742202 196882864.0 2
1749326742326 194520000.0 3
1749326742450 190012992.0 4
1749326742566 182952672.0 5
1749326742681 173288384.0 6
1749326742798 161534352.0 7
1749326742916 148357184.0 8
1749326743030 134974400.0 9
1749326743146 122330032.0 10
1749326743259 111561832.0 11
1749326743373 102454624.0 12
1749326743487 95436224.0 13
1749326743618 89694680.0 14
1749326743738 84975328.0 15
1749326743855 80841464.0 16
1749326743969 77005120.0 17
1749326744088 73436544.0 18
1749326744242 70071728.0 19
1749326744375 66800352.0 20
1749326744487 63641124.0 21
1749326744601 60597632.0 22
1749326744719 57661008.0 23
1749326744835 54852236.0 24
1749326744947 52062736.0 25
1749326745061 49436840.0 26
1749326745183 46922932.0 27
1749326745305 44475568.0 28
1749326745426 42157984.0 29
1749326745541 39958276.0 30
1749326745654 37857808.0 31
1749326745773 35859772.0 32
1749326745953 33950736.0 33
1749326746065 32170032.0 34
1749326746186 30515800.0 35
1749326746304 28947976.0 36
1749326746427 27502164.0 37
1749326746542 26159738.0 38
1749326746669 24913976.0 39
1749326746790 23758746.0 40
1749326746910 22707430.0 41
1749326747025 21734938.0 42
1749326747147 20853392.0 43
1749326747261 20054494.0 44
1749326747375 19326630.0 45
1749326747488 18650696.0 46
1749326747601 18068568.0 47
1749326747716 17505754.0 48
1749326747831 17027774.0 49
