1749326394896 198092480.0 0
1749326395088 197833376.0 1
1749326395233 196660976.0 2
1749326395378 193438480.0 3
1749326395524 187355360.0 4
1749326395664 177893280.0 5
1749326395851 165385376.0 6
1749326396038 150758080.0 7
1749326396234 135680176.0 8
1749326396427 121314536.0 9
1749326396587 109338888.0 10
1749326396733 100084080.0 11
1749326396880 92995296.0 12
1749326397029 87341264.0 13
1749326397177 82653952.0 14
1749326397313 78388512.0 15
1749326397486 74497256.0 16
1749326397652 70755880.0 17
1749326397811 67212544.0 18
1749326397968 63749688.0 19
1749326398128 60427224.0 20
1749326398286 57228656.0 21
1749326398449 54147712.0 22
1749326398641 51208648.0 23
1749326398785 48367012.0 24
1749326398935 45606508.0 25
1749326399152 43007632.0 26
1749326399300 40541644.0 27
1749326399436 38156364.0 28
1749326399589 35936984.0 29
1749326399745 33854908.0 30
1749326399930 31906288.0 31
1749326400073 30108870.0 32
1749326400215 28397268.0 33
1749326400354 26823166.0 34
1749326400478 25402488.0 35
1749326400601 24067886.0 36
1749326400729 22872182.0 37
1749326400917 21787986.0 38
1749326401093 20789634.0 39
1749326401259 19900706.0 40
1749326401423 19095788.0 41
1749326401568 18379590.0 42
1749326401695 17735622.0 43
1749326401827 17154168.0 44
1749326401957 16628495.0 45
1749326402092 16171273.0 46
1749326402236 15781174.0 47
1749326402395 15409092.0 48
1749326402597 15083373.0 49
