1749328752176 21265634.0 0
1749328752302 21025308.0 1
1749328752414 20859366.0 2
1749328752524 20757240.0 3
1749328752650 20669116.0 4
1749328752764 20589382.0 5
1749328752892 20538754.0 6
1749328753010 20481132.0 7
1749328753122 20459066.0 8
1749328753232 20428652.0 9
1749328753342 20414704.0 10
1749328753458 20373664.0 11
1749328753553 20384482.0 12
1749328753670 20357292.0 13
1749328753803 20350394.0 14
1749328753926 20333396.0 15
1749328754110 20334434.0 16
1749328754221 20322190.0 17
1749328754333 20323828.0 18
1749328754426 20299194.0 19
1749328754519 20311174.0 20
1749328754629 20292132.0 21
1749328754740 20313304.0 22
1749328754848 20292370.0 23
1749328754957 20290282.0 24
1749328755051 20290468.0 25
1749328755148 20287436.0 26
1749328755246 20260122.0 27
1749328755340 20268012.0 28
1749328755433 20291908.0 29
1749328755526 20269278.0 30
1749328755620 20275284.0 31
1749328755714 20277042.0 32
1749328755824 20274604.0 33
1749328755916 20248166.0 34
1749328756025 20272978.0 35
1749328756133 20256544.0 36
1749328756230 20267988.0 37
1749328756326 20259010.0 38
1749328756440 20255134.0 39
1749328756534 20260894.0 40
1749328756628 20252228.0 41
1749328756724 20251408.0 42
1749328756818 20256940.0 43
1749328756937 20256784.0 44
1749328757049 20250258.0 45
1749328757156 20253264.0 46
1749328757251 20243730.0 47
1749328757358 20249528.0 48
1749328757466 20244756.0 49
