1749326427831 14800365.0 0
1749326427941 14543657.0 1
1749326428051 14332527.0 2
1749326428169 14135782.0 3
1749326428279 13998454.0 4
1749326428395 13818286.0 5
1749326428506 13694702.0 6
1749326428618 13588710.0 7
1749326428731 13489661.0 8
1749326428842 13388934.0 9
1749326428951 13309188.0 10
1749326429061 13265372.0 11
1749326429156 13192212.0 12
1749326429266 13143528.0 13
1749326429377 13130223.0 14
1749326429489 13072557.0 15
1749326429599 13047350.0 16
1749326429714 13004458.0 17
1749326429827 12974220.0 18
1749326429957 12964707.0 19
1749326430087 12949420.0 20
1749326430200 12914067.0 21
1749326430296 12912964.0 22
1749326430403 12889157.0 23
1749326430510 12877915.0 24
1749326430623 12864544.0 25
1749326430736 12855150.0 26
1749326430835 12848954.0 27
1749326430961 12839494.0 28
1749326431068 12832335.0 29
1749326431183 12829979.0 30
1749326431295 12804972.0 31
1749326431412 12810435.0 32
1749326431522 12808760.0 33
1749326431617 12794240.0 34
1749326431713 12797953.0 35
1749326431813 12808548.0 36
1749326431924 12772993.0 37
1749326432021 12771532.0 38
1749326432117 12774729.0 39
1749326432214 12775932.0 40
1749326432309 12772801.0 41
1749326432415 12763087.0 42
1749326432536 12747117.0 43
1749326432649 12759250.0 44
1749326432760 12738299.0 45
1749326432865 12775256.0 46
1749326432976 12739572.0 47
1749326433083 12737879.0 48
1749326433224 12738717.0 49
