1749328239433 198076608.0 0
1749328239570 197802624.0 1
1749328239766 196813104.0 2
1749328239884 194384192.0 3
1749328240004 189995424.0 4
1749328240125 183174464.0 5
1749328240275 173870400.0 6
1749328240412 162483536.0 7
1749328240538 149612784.0 8
1749328240667 136403904.0 9
1749328240791 123870696.0 10
1749328240920 112675920.0 11
1749328241054 103560352.0 12
1749328241174 96306440.0 13
1749328241301 90543352.0 14
1749328241419 85823344.0 15
1749328241533 81729984.0 16
1749328241714 78008416.0 17
1749328241843 74515552.0 18
1749328241966 71252304.0 19
1749328242104 68114240.0 20
1749328242237 65079120.0 21
1749328242360 62153808.0 22
1749328242486 59304656.0 23
1749328242600 56546984.0 24
1749328242713 53889096.0 25
1749328242829 51335528.0 26
1749328242942 48832964.0 27
1749328243075 46442312.0 28
1749328243217 44137908.0 29
1749328243349 41932228.0 30
1749328243464 39789560.0 31
1749328243591 37777328.0 32
1749328243718 35851964.0 33
1749328243834 34019928.0 34
1749328243959 32303444.0 35
1749328244078 30674294.0 36
1749328244202 29149928.0 37
1749328244320 27734074.0 38
1749328244456 26381300.0 39
1749328244578 25160326.0 40
1749328244699 24006718.0 41
1749328244824 22944074.0 42
1749328244941 21980654.0 43
1749328245055 21079110.0 44
1749328245176 20251512.0 45
1749328245290 19506776.0 46
1749328245404 18823446.0 47
1749328245530 18238618.0 48
1749328245642 17635226.0 49
1749328245776 17135870.0 50
1749328245892 16683286.0 51
1749328246010 16268109.0 52
1749328246127 15891643.0 53
1749328246240 15543188.0 54
1749328246359 15244731.0 55
1749328246474 14971498.0 56
1749328246594 14739433.0 57
1749328246706 14522767.0 58
1749328246832 14320824.0 59
1749328246955 14163094.0 60
1749328247084 13989190.0 61
1749328247196 13862611.0 62
1749328247326 13736754.0 63
1749328247459 13632847.0 64
1749328247593 13538536.0 65
1749328247718 13455585.0 66
1749328247850 13380716.0 67
1749328247975 13321839.0 68
1749328248091 13252314.0 69
1749328248190 13205179.0 70
1749328248317 13162612.0 71
1749328248438 13112865.0 72
1749328248575 13074322.0 73
1749328248689 13043825.0 74
1749328248794 13005220.0 75
1749328248921 12991759.0 76
1749328249034 12984113.0 77
1749328249151 12942842.0 78
1749328249264 12935933.0 79
1749328249390 12908242.0 80
1749328249506 12895238.0 81
1749328249616 12882664.0 82
1749328249729 12864547.0 83
1749328249837 12882236.0 84
1749328249962 12856964.0 85
1749328250083 12845473.0 86
1749328250205 12839948.0 87
1749328250323 12829812.0 88
1749328250447 12824111.0 89
1749328250570 12822102.0 90
1749328250691 12801610.0 91
1749328250809 12803374.0 92
1749328250951 12808913.0 93
1749328251066 12795647.0 94
1749328251174 12791292.0 95
1749328251278 12771777.0 96
1749328251377 12791484.0 97
1749328251486 12773788.0 98
1749328251606 12779667.0 99
