1749327420695 27035490.0 0
1749327420836 25714776.0 1
1749327420957 24961160.0 2
1749327421072 24300560.0 3
1749327421182 23713006.0 4
1749327421292 23173592.0 5
1749327421428 22698850.0 6
1749327421548 22310308.0 7
1749327421662 21956716.0 8
1749327421774 21669854.0 9
1749327421886 21438476.0 10
1749327421997 21246626.0 11
1749327422131 21071408.0 12
1749327422251 20948358.0 13
1749327422381 20837168.0 14
1749327422500 20759866.0 15
1749327422610 20683814.0 16
1749327422723 20639358.0 17
1749327422830 20593896.0 18
1749327422938 20534464.0 19
1749327423046 20525622.0 20
1749327423158 20492162.0 21
1749327423258 20468734.0 22
1749327423376 20470972.0 23
1749327423472 20459996.0 24
1749327423605 20455684.0 25
1749327423748 20445250.0 26
1749327423925 20439724.0 27
1749327424050 20422520.0 28
1749327424162 20420214.0 29
1749327424264 20413180.0 30
1749327424366 20410768.0 31
1749327424471 20413802.0 32
1749327424584 20402928.0 33
1749327424683 20402548.0 34
1749327424792 20406842.0 35
1749327424950 20388080.0 36
1749327425096 20395458.0 37
1749327425222 20390318.0 38
1749327425332 20371578.0 39
1749327425465 20393954.0 40
1749327425596 20386736.0 41
1749327425713 20377776.0 42
1749327425811 20379496.0 43
1749327425915 20380428.0 44
1749327426017 20397428.0 45
1749327426129 20378744.0 46
1749327426241 20383294.0 47
1749327426359 20364058.0 48
1749327426464 20375204.0 49
