1749326173042 25165790.0 0
1749326173167 22993644.0 1
1749326173279 21897012.0 2
1749326173391 21114964.0 3
1749326173502 20444522.0 4
1749326173619 19853722.0 5
1749326173739 19267018.0 6
1749326173854 18755520.0 7
1749326173968 18273068.0 8
1749326174092 17836528.0 9
1749326174212 17417136.0 10
1749326174333 17059188.0 11
1749326174447 16693312.0 12
1749326174560 16365677.0 13
1749326174675 16068301.0 14
1749326174793 15783313.0 15
1749326174909 15528541.0 16
1749326175028 15285363.0 17
1749326175140 15068913.0 18
1749326175251 14867707.0 19
1749326175363 14675905.0 20
1749326175476 14511160.0 21
1749326175587 14350804.0 22
1749326175700 14203602.0 23
1749326175812 14069300.0 24
1749326175927 13956526.0 25
1749326176074 13843958.0 26
1749326176188 13755238.0 27
1749326176307 13655040.0 28
1749326176417 13580010.0 29
1749326176528 13498495.0 30
1749326176642 13425664.0 31
1749326176755 13366811.0 32
1749326176880 13319188.0 33
1749326176996 13264758.0 34
1749326177096 13228241.0 35
1749326177210 13162303.0 36
1749326177331 13134257.0 37
1749326177445 13092737.0 38
1749326177541 13066680.0 39
1749326177636 13036154.0 40
1749326177732 13015644.0 41
1749326177829 12991635.0 42
1749326177948 12973555.0 43
1749326178045 12948774.0 44
1749326178143 12950793.0 45
1749326178312 12929277.0 46
1749326178410 12905848.0 47
1749326178518 12895488.0 48
1749326178616 12872736.0 49
