1749326073590 33293276.0 0
1749326073748 32271070.0 1
1749326073884 31300134.0 2
1749326074024 30390692.0 3
1749326074160 29520432.0 4
1749326074311 28727016.0 5
1749326074460 27968548.0 6
1749326074602 27276934.0 7
1749326074736 26631674.0 8
1749326074869 26030402.0 9
1749326075001 25484346.0 10
1749326075135 24963576.0 11
1749326075267 24516260.0 12
1749326075404 24076432.0 13
1749326075541 23680760.0 14
1749326075676 23341130.0 15
1749326075809 23004734.0 16
1749326075959 22714640.0 17
1749326076093 22448496.0 18
1749326076228 22218722.0 19
1749326076365 21990042.0 20
1749326076538 21794442.0 21
1749326076688 21631058.0 22
1749326076849 21466654.0 23
1749326076983 21335070.0 24
1749326077118 21220968.0 25
1749326077275 21118348.0 26
1749326077408 20999714.0 27
1749326077547 20922466.0 28
1749326077680 20860596.0 29
1749326077820 20784162.0 30
1749326077960 20744018.0 31
1749326078094 20667166.0 32
1749326078228 20614296.0 33
1749326078364 20571986.0 34
1749326078509 20560670.0 35
1749326078642 20519062.0 36
1749326078779 20480992.0 37
1749326078915 20486774.0 38
1749326079048 20430518.0 39
1749326079181 20428352.0 40
1749326079298 20405702.0 41
1749326079413 20396944.0 42
1749326079552 20373702.0 43
1749326079693 20375908.0 44
1749326079828 20367986.0 45
1749326079961 20348418.0 46
1749326080109 20359784.0 47
1749326080225 20347654.0 48
1749326080339 20374652.0 49
