1749326999078 16482912.0 0
1749326999214 15932082.0 1
1749326999344 15463767.0 2
1749326999470 15086505.0 3
1749326999597 14768525.0 4
1749326999724 14487549.0 5
1749326999851 14258186.0 6
1749326999993 14045804.0 7
1749327000121 13877641.0 8
1749327000257 13735585.0 9
1749327000551 13613658.0 10
1749327000689 13499141.0 11
1749327000850 13434597.0 12
1749327001041 13347096.0 13
1749327001224 13282739.0 14
1749327001387 13235677.0 15
1749327001539 13201004.0 16
1749327001679 13157729.0 17
1749327001844 13114615.0 18
1749327001975 13116554.0 19
1749327002092 13086577.0 20
1749327002225 13076765.0 21
1749327002410 13049408.0 22
1749327002564 13039871.0 23
1749327002693 13026413.0 24
1749327002833 13015354.0 25
1749327002961 12984060.0 26
1749327003068 12998852.0 27
1749327003175 12995880.0 28
1749327003289 12972018.0 29
1749327003435 12969434.0 30
1749327003596 12959666.0 31
1749327003718 12957165.0 32
1749327003855 12949619.0 33
1749327004020 12940191.0 34
1749327004232 12943008.0 35
1749327004327 12926708.0 36
1749327004431 12928678.0 37
1749327004574 12930534.0 38
1749327004694 12918065.0 39
1749327004815 12914698.0 40
1749327004930 12904310.0 41
1749327005082 12912763.0 42
1749327005190 12900109.0 43
1749327005299 12902744.0 44
1749327005403 12892778.0 45
1749327005522 12894186.0 46
1749327005618 12885928.0 47
1749327005714 12889697.0 48
1749327005809 12880504.0 49
