1749328476678 12794019.0 0
1749328476806 12766272.0 1
1749328476901 12780877.0 2
1749328476996 12771886.0 3
1749328477092 12761112.0 4
1749328477187 12760006.0 5
1749328477281 12759209.0 6
1749328477395 12751352.0 7
1749328477492 12750817.0 8
1749328477585 12733340.0 9
1749328477681 12751528.0 10
1749328477779 12745380.0 11
1749328477884 12737344.0 12
1749328477992 12731154.0 13
1749328478092 12726961.0 14
1749328478225 12727869.0 15
1749328478323 12722317.0 16
1749328478496 12725723.0 17
1749328478594 12719338.0 18
1749328478691 12699245.0 19
1749328478811 12713987.0 20
1749328478932 12707004.0 21
1749328479071 12708899.0 22
1749328479185 12711333.0 23
1749328479298 12693477.0 24
1749328479418 12686586.0 25
1749328479530 12694455.0 26
1749328479672 12698185.0 27
1749328479813 12688132.0 28
1749328479952 12691914.0 29
1749328480046 12681044.0 30
1749328480143 12687611.0 31
1749328480261 12681595.0 32
1749328480378 12676698.0 33
1749328480497 12673684.0 34
1749328480617 12676463.0 35
1749328480743 12667987.0 36
1749328480875 12667903.0 37
1749328480993 12660781.0 38
1749328481105 12665432.0 39
1749328481216 12653624.0 40
1749328481324 12663763.0 41
1749328481422 12656718.0 42
1749328481514 12654413.0 43
1749328481607 12656724.0 44
1749328481704 12649896.0 45
1749328481800 12641519.0 46
1749328481896 12647087.0 47
1749328482008 12640356.0 48
1749328482102 12623511.0 49
