1749328376712 12794077.0 0
1749328376833 12779260.0 1
1749328376929 12772838.0 2
1749328377047 12773393.0 3
1749328377156 12767245.0 4
1749328377267 12765080.0 5
1749328377365 12749226.0 6
1749328377479 12763914.0 7
1749328377574 12749080.0 8
1749328377674 12742252.0 9
1749328377771 12740531.0 10
1749328377879 12742234.0 11
1749328378005 12738436.0 12
1749328378143 12733978.0 13
1749328378255 12730186.0 14
1749328378386 12729281.0 15
1749328378501 12722179.0 16
1749328378610 12720143.0 17
1749328378720 12720116.0 18
1749328378815 12709757.0 19
1749328378939 12708349.0 20
1749328379047 12708905.0 21
1749328379144 12708365.0 22
1749328379239 12707068.0 23
1749328379333 12698305.0 24
1749328379450 12686099.0 25
1749328379559 12705271.0 26
1749328379671 12691812.0 27
1749328379780 12691177.0 28
1749328379890 12683859.0 29
1749328380002 12683465.0 30
1749328380111 12679809.0 31
1749328380234 12682445.0 32
1749328380403 12685375.0 33
1749328380498 12669737.0 34
1749328380593 12674962.0 35
1749328380706 12668897.0 36
1749328380817 12668214.0 37
1749328380925 12667686.0 38
1749328381037 12662362.0 39
1749328381144 12659071.0 40
1749328381254 12661107.0 41
1749328381360 12656772.0 42
1749328381475 12655951.0 43
1749328381569 12651137.0 44
1749328381667 12649701.0 45
1749328381764 12646360.0 46
1749328381863 12644966.0 47
1749328381988 12648393.0 48
1749328382087 12644873.0 49
