1749325867311 33298398.0 0
1749325867444 32304878.0 1
1749325867557 31303262.0 2
1749325867678 30385828.0 3
1749325867795 29531198.0 4
1749325867924 28726950.0 5
1749325868050 27965176.0 6
1749325868394 27270650.0 7
1749325868621 26623322.0 8
1749325868777 26027824.0 9
1749325868891 25472346.0 10
1749325869004 24959710.0 11
1749325869118 24499376.0 12
1749325869229 24089236.0 13
1749325869340 23700618.0 14
1749325869456 23330870.0 15
1749325869568 23002520.0 16
1749325869766 22712694.0 17
1749325869882 22454628.0 18
1749325870009 22209896.0 19
1749325870125 21994494.0 20
1749325870265 21820252.0 21
1749325870408 21631258.0 22
1749325870547 21474542.0 23
1749325870782 21364378.0 24
1749325870922 21217018.0 25
1749325871143 21113208.0 26
1749325871359 21007908.0 27
1749325871490 20918232.0 28
1749325871689 20844276.0 29
1749325871908 20780670.0 30
1749325872147 20725364.0 31
1749325872532 20657028.0 32
1749325872975 20629210.0 33
1749325873271 20578380.0 34
1749325873571 20561848.0 35
1749325873798 20527144.0 36
1749325873954 20492354.0 37
1749325874112 20459330.0 38
1749325874230 20440866.0 39
1749325874349 20420908.0 40
1749325874456 20395592.0 41
1749325874575 20394300.0 42
1749325874697 20390712.0 43
1749325874848 20375422.0 44
1749325874952 20367292.0 45
1749325875070 20366950.0 46
1749325875185 20340994.0 47
1749325875296 20346392.0 48
1749325875397 20361454.0 49
