1749327941260 16483969.0 0
1749327941384 15927754.0 1
1749327941502 15487923.0 2
1749327941615 15091502.0 3
1749327941740 14780580.0 4
1749327941861 14498913.0 5
1749327941998 14263484.0 6
1749327942115 14059912.0 7
1749327942236 13882643.0 8
1749327942353 13732566.0 9
1749327942468 13618125.0 10
1749327942584 13516890.0 11
1749327942693 13429153.0 12
1749327942804 13343323.0 13
1749327942899 13301772.0 14
1749327943021 13243407.0 15
1749327943193 13194623.0 16
1749327943287 13166682.0 17
1749327943440 13134423.0 18
1749327943561 13107169.0 19
1749327943677 13088893.0 20
1749327943802 13063119.0 21
1749327943952 13044754.0 22
1749327944078 13033316.0 23
1749327944198 13015968.0 24
1749327944314 13009916.0 25
1749327944439 12995136.0 26
1749327944546 12982889.0 27
1749327944652 12985440.0 28
1749327944748 12974505.0 29
1749327944845 12972023.0 30
1749327944967 12956242.0 31
1749327945113 12952479.0 32
1749327945259 12946213.0 33
1749327945441 12917843.0 34
1749327945560 12932036.0 35
1749327945692 12924916.0 36
1749327945860 12920568.0 37
1749327945994 12925088.0 38
1749327946118 12921587.0 39
1749327946221 12909151.0 40
1749327946330 12910386.0 41
1749327946469 12905427.0 42
1749327946615 12901801.0 43
1749327946758 12891599.0 44
1749327946906 12899324.0 45
1749327947049 12884442.0 46
1749327947186 12884663.0 47
1749327947296 12875768.0 48
1749327947399 12875612.0 49
1749327968597 12875602.0 0
1749327968748 12869997.0 1
1749327968858 12864622.0 2
1749327968969 12867350.0 3
1749327969077 12853921.0 4
1749327969207 12859548.0 5
1749327969321 12852502.0 6
1749327969432 12850481.0 7
1749327969552 12834821.0 8
1749327969672 12846409.0 9
1749327969805 12837837.0 10
1749327969933 12832920.0 11
1749327970054 12831142.0 12
1749327970176 12806130.0 13
1749327970303 12831969.0 14
1749327970423 12825531.0 15
1749327970532 12823734.0 16
1749327970643 12823359.0 17
1749327970751 12816956.0 18
1749327970861 12820362.0 19
1749327970972 12808938.0 20
1749327971083 12802098.0 21
1749327971190 12815099.0 22
1749327971299 12806764.0 23
1749327971408 12799818.0 24
1749327971519 12805158.0 25
1749327971646 12799429.0 26
1749327971752 12779873.0 27
1749327971882 12799703.0 28
1749327971988 12783388.0 29
1749327972107 12795697.0 30
1749327972229 12781050.0 31
1749327972388 12779277.0 32
1749327972554 12761681.0 33
1749327972716 12784293.0 34
1749327972852 12779144.0 35
1749327972981 12769531.0 36
1749327973100 12785910.0 37
1749327973214 12773258.0 38
1749327973337 12774496.0 39
1749327973442 12759538.0 40
1749327973557 12766378.0 41
1749327973712 12758432.0 42
1749327973859 12760483.0 43
1749327974025 12759313.0 44
1749327974157 12755068.0 45
1749327974309 12760297.0 46
1749327974465 12757212.0 47
1749327974672 12751236.0 48
1749327974796 12751174.0 49
1749327995983 12744552.0 0
1749327996095 12747400.0 1
1749327996205 12748547.0 2
1749327996302 12744750.0 3
1749327996405 12746897.0 4
1749327996500 12743131.0 5
1749327996605 12740225.0 6
1749327996719 12739674.0 7
1749327996836 12737953.0 8
1749327996946 12737441.0 9
1749327997055 12727858.0 10
1749327997163 12733422.0 11
1749327997267 12727153.0 12
1749327997378 12733596.0 13
1749327997535 12728780.0 14
1749327997630 12725242.0 15
1749327997754 12724036.0 16
1749327997853 12723526.0 17
1749327997950 12713948.0 18
1749327998047 12715480.0 19
1749327998144 12712312.0 20
1749327998249 12716329.0 21
1749327998358 12708193.0 22
1749327998473 12714136.0 23
1749327998569 12707727.0 24
1749327998666 12715817.0 25
1749327998781 12712193.0 26
1749327998879 12703736.0 27
1749327998988 12694985.0 28
1749327999112 12702831.0 29
1749327999219 12701752.0 30
1749327999335 12699773.0 31
1749327999447 12706669.0 32
1749327999542 12701996.0 33
1749327999637 12699167.0 34
1749327999734 12693338.0 35
1749327999829 12698510.0 36
1749327999937 12694162.0 37
1749328000046 12695411.0 38
1749328000154 12687835.0 39
1749328000261 12693751.0 40
1749328000367 12688063.0 41
1749328000488 12687240.0 42
1749328000599 12684858.0 43
1749328000704 12693466.0 44
1749328000809 12682289.0 45
1749328000908 12668649.0 46
1749328001030 12677454.0 47
1749328001142 12676326.0 48
1749328001238 12682304.0 49
