1749326277436 25152622.0 0
1749326277567 23054136.0 1
1749326277680 21920756.0 2
1749326277796 21109662.0 3
1749326277912 20425886.0 4
1749326278028 19814034.0 5
1749326278140 19244568.0 6
1749326278253 18729700.0 7
1749326278363 18247680.0 8
1749326278480 17814814.0 9
1749326278591 17390528.0 10
1749326278701 17022400.0 11
1749326278815 16664730.0 12
1749326278927 16342685.0 13
1749326279040 16049889.0 14
1749326279155 15765144.0 15
1749326279269 15506938.0 16
1749326279392 15266182.0 17
1749326279582 15062188.0 18
1749326279697 14850344.0 19
1749326279808 14671685.0 20
1749326279924 14499182.0 21
1749326280036 14337860.0 22
1749326280148 14207441.0 23
1749326280259 14065996.0 24
1749326280372 13951008.0 25
1749326280492 13842825.0 26
1749326280622 13747260.0 27
1749326280735 13669204.0 28
1749326280846 13574884.0 29
1749326280957 13486241.0 30
1749326281071 13428604.0 31
1749326281189 13364401.0 32
1749326281292 13314227.0 33
1749326281404 13249573.0 34
1749326281520 13210378.0 35
1749326281637 13192447.0 36
1749326281749 13134520.0 37
1749326281844 13091480.0 38
1749326281962 13066290.0 39
1749326282062 13036609.0 40
1749326282173 13004370.0 41
1749326282291 12994149.0 42
1749326282412 12958016.0 43
1749326282508 12949599.0 44
1749326282603 12930936.0 45
1749326282698 12918830.0 46
1749326282813 12892968.0 47
1749326282925 12895151.0 48
1749326283022 12872539.0 49
1749326283119 12866602.0 50
1749326283255 12852891.0 51
1749326283354 12840099.0 52
1749326283453 12844020.0 53
1749326283548 12826947.0 54
1749326283673 12822543.0 55
1749326283788 12827040.0 56
1749326283885 12810767.0 57
1749326283983 12793404.0 58
1749326284080 12794806.0 59
1749326284192 12789309.0 60
1749326284289 12790513.0 61
1749326284388 12782903.0 62
1749326284515 12776508.0 63
1749326284615 12762053.0 64
1749326284734 12765219.0 65
1749326284869 12764104.0 66
1749326284980 12756205.0 67
1749326285090 12748600.0 68
1749326285200 12751561.0 69
1749326285309 12758074.0 70
1749326285416 12746047.0 71
1749326285514 12741997.0 72
1749326285610 12736257.0 73
1749326285717 12735032.0 74
1749326285814 12723848.0 75
1749326285910 12746154.0 76
1749326286011 12718588.0 77
1749326286122 12739485.0 78
1749326286225 12728207.0 79
1749326286328 12718085.0 80
1749326286428 12739457.0 81
1749326286526 12710386.0 82
1749326286622 12707809.0 83
1749326286721 12717302.0 84
1749326286818 12698907.0 85
1749326286917 12708265.0 86
1749326287013 12701513.0 87
1749326287111 12711455.0 88
1749326287208 12684940.0 89
1749326287304 12695075.0 90
1749326287403 12676870.0 91
1749326287519 12691706.0 92
1749326287618 12677815.0 93
1749326287715 12671671.0 94
1749326287824 12673444.0 95
1749326287934 12671190.0 96
1749326288036 12685875.0 97
1749326288138 12668724.0 98
1749326288235 12671360.0 99
1749326288332 12656466.0 100
1749326288429 12663492.0 101
1749326288525 12669568.0 102
1749326288622 12650808.0 103
1749326288747 12658071.0 104
1749326288845 12673939.0 105
1749326288948 12644782.0 106
1749326289045 12651849.0 107
1749326289145 12655329.0 108
1749326289262 12646296.0 109
1749326289375 12655392.0 110
1749326289489 12648855.0 111
1749326289600 12649961.0 112
1749326289715 12641445.0 113
1749326289918 12631818.0 114
1749326290022 12633006.0 115
1749326290122 12644640.0 116
1749326290219 12626170.0 117
1749326290318 12624768.0 118
1749326290421 12623965.0 119
1749326290531 12630253.0 120
1749326290629 12624010.0 121
1749326290728 12641748.0 122
1749326290829 12625120.0 123
1749326290926 12618592.0 124
1749326291024 12613992.0 125
1749326291123 12620549.0 126
1749326291221 12606748.0 127
1749326291319 12603455.0 128
1749326291416 12608599.0 129
1749326291513 12601376.0 130
1749326291612 12606902.0 131
1749326291711 12602433.0 132
1749326291812 12601404.0 133
1749326291913 12609600.0 134
1749326292012 12590171.0 135
1749326292145 12598259.0 136
1749326292261 12588713.0 137
1749326292362 12599935.0 138
1749326292459 12591229.0 139
1749326292562 12606815.0 140
1749326292677 12603209.0 141
1749326292793 12587340.0 142
1749326292901 12585704.0 143
1749326293026 12592447.0 144
1749326293138 12575433.0 145
1749326293249 12594502.0 146
1749326293360 12581660.0 147
1749326293459 12618514.0 148
1749326293557 12568699.0 149
1749326293659 12599423.0 150
1749326293784 12572532.0 151
1749326293883 12574916.0 152
1749326294014 12568253.0 153
1749326294117 12578939.0 154
1749326294224 12585146.0 155
1749326294341 12588018.0 156
1749326294452 12575942.0 157
1749326294566 12573096.0 158
1749326294680 12570610.0 159
1749326294795 12566820.0 160
1749326294909 12590586.0 161
1749326295017 12606851.0 162
1749326295116 12555450.0 163
1749326295216 12560305.0 164
1749326295316 12562072.0 165
1749326295415 12556145.0 166
1749326295513 12548529.0 167
1749326295613 12560874.0 168
1749326295711 12578811.0 169
1749326295812 12557198.0 170
1749326295911 12565763.0 171
1749326296008 12568680.0 172
1749326296111 12568500.0 173
1749326296211 12549850.0 174
1749326296315 12549610.0 175
1749326296415 12553957.0 176
1749326296514 12543132.0 177
1749326296616 12547538.0 178
1749326296717 12542084.0 179
1749326296816 12544788.0 180
1749326296915 12537923.0 181
1749326297013 12537480.0 182
1749326297118 12535768.0 183
1749326297224 12558586.0 184
1749326297325 12531427.0 185
1749326297424 12526090.0 186
1749326297525 12545923.0 187
1749326297624 12532273.0 188
1749326297726 12532132.0 189
1749326297826 12534431.0 190
1749326297924 12523329.0 191
1749326298036 12528959.0 192
1749326298146 12523666.0 193
1749326298247 12543836.0 194
1749326298373 12517213.0 195
1749326298473 12542094.0 196
1749326298572 12526967.0 197
1749326298674 12523640.0 198
1749326298778 12515653.0 199
1749326298892 12512998.0 200
1749326299004 12520408.0 201
1749326299117 12520280.0 202
1749326299245 12514034.0 203
1749326299395 12510952.0 204
1749326299537 12522083.0 205
1749326299665 12525711.0 206
1749326299785 12508836.0 207
1749326299901 12519008.0 208
1749326300020 12505623.0 209
1749326300139 12514040.0 210
1749326300262 12521208.0 211
1749326300513 12503549.0 212
1749326300648 12503752.0 213
1749326300759 12504353.0 214
1749326300867 12510281.0 215
1749326300977 12505920.0 216
1749326301090 12509098.0 217
1749326301226 12516724.0 218
1749326301439 12511762.0 219
1749326301572 12497220.0 220
1749326301714 12501353.0 221
1749326301878 12501631.0 222
1749326302034 12497373.0 223
1749326302191 12488536.0 224
1749326302346 12499412.0 225
1749326302484 12485861.0 226
1749326302614 12492696.0 227
1749326302744 12496687.0 228
1749326302879 12495254.0 229
1749326303017 12493844.0 230
1749326303144 12483540.0 231
1749326303265 12505768.0 232
1749326303388 12502708.0 233
1749326303507 12489906.0 234
1749326303624 12490066.0 235
1749326303745 12486588.0 236
1749326303863 12494068.0 237
1749326303984 12479635.0 238
1749326304103 12477564.0 239
1749326304219 12470783.0 240
1749326304348 12471021.0 241
1749326304467 12492652.0 242
1749326304585 12485490.0 243
1749326304716 12474021.0 244
1749326304840 12486388.0 245
1749326304961 12466618.0 246
1749326305079 12483127.0 247
1749326305195 12476420.0 248
1749326305318 12489989.0 249
1749326305439 12471814.0 250
1749326305568 12466316.0 251
1749326305693 12473184.0 252
1749326305820 12466924.0 253
1749326305939 12467753.0 254
1749326306061 12461153.0 255
1749326306183 12462129.0 256
1749326306314 12462755.0 257
1749326306440 12454159.0 258
1749326306561 12453725.0 259
1749326306683 12472376.0 260
1749326306810 12474652.0 261
1749326306957 12455709.0 262
1749326307080 12458319.0 263
1749326307206 12463174.0 264
1749326307345 12466610.0 265
1749326307483 12465409.0 266
1749326307622 12450788.0 267
1749326307748 12458528.0 268
1749326307876 12451355.0 269
1749326308002 12444545.0 270
1749326308128 12453213.0 271
1749326308256 12451528.0 272
1749326308388 12456603.0 273
1749326308514 12448905.0 274
1749326308638 12452576.0 275
1749326308778 12452485.0 276
1749326308909 12453128.0 277
1749326309036 12443386.0 278
1749326309185 12474689.0 279
1749326309356 12440887.0 280
1749326309508 12434696.0 281
1749326309643 12440183.0 282
1749326309794 12438518.0 283
1749326309935 12431168.0 284
1749326310072 12451476.0 285
1749326310211 12430776.0 286
1749326310402 12426930.0 287
1749326310563 12429929.0 288
1749326310706 12428895.0 289
1749326310836 12436669.0 290
1749326310967 12422930.0 291
1749326311147 12444361.0 292
1749326311282 12422418.0 293
1749326311415 12421862.0 294
1749326311544 12437032.0 295
1749326311710 12428637.0 296
1749326311857 12438287.0 297
1749326312007 12418604.0 298
1749326312132 12425302.0 299
