1749328910666 12800657.0 0
1749328910800 12764556.0 1
1749328910918 12764438.0 2
1749328911021 12768758.0 3
1749328911123 12766117.0 4
1749328911229 12764125.0 5
1749328911344 12760212.0 6
1749328911470 12751857.0 7
1749328911591 12742524.0 8
1749328911713 12713924.0 9
1749328911855 12749380.0 10
1749328911961 12743580.0 11
1749328912075 12739364.0 12
1749328912189 12737437.0 13
1749328912322 12732867.0 14
1749328912448 12720888.0 15
1749328912568 12727497.0 16
1749328912697 12715700.0 17
1749328912831 12718949.0 18
1749328912984 12718874.0 19
1749328913103 12712175.0 20
1749328913208 12718541.0 21
1749328913326 12710833.0 22
1749328913432 12700251.0 23
1749328913544 12697618.0 24
1749328913651 12700340.0 25
1749328913771 12697233.0 26
1749328913900 12691404.0 27
1749328914017 12687648.0 28
1749328914133 12695117.0 29
1749328914243 12677580.0 30
1749328914354 12677681.0 31
1749328914464 12682355.0 32
1749328914570 12676142.0 33
1749328914683 12676518.0 34
1749328914805 12677969.0 35
1749328914917 12673893.0 36
1749328915022 12668646.0 37
1749328915135 12671511.0 38
1749328915237 12665787.0 39
1749328915352 12659922.0 40
1749328915457 12657879.0 41
1749328915569 12656964.0 42
1749328915702 12654900.0 43
1749328915860 12654833.0 44
1749328916004 12649775.0 45
1749328916122 12648850.0 46
1749328916238 12649741.0 47
1749328916352 12633862.0 48
1749328916461 12647914.0 49
1749328916567 12644820.0 50
1749328916674 12632279.0 51
1749328916792 12633334.0 52
1749328916917 12634822.0 53
1749328917035 12631727.0 54
1749328917143 12631020.0 55
1749328917248 12627794.0 56
1749328917354 12633674.0 57
1749328917454 12630153.0 58
1749328917558 12618121.0 59
1749328917661 12615378.0 60
1749328917769 12623302.0 61
1749328917875 12617659.0 62
1749328917993 12617417.0 63
1749328918102 12613425.0 64
1749328918207 12604852.0 65
1749328918312 12609916.0 66
1749328918417 12608781.0 67
1749328918520 12607343.0 68
1749328918632 12599599.0 69
1749328918739 12606523.0 70
1749328918844 12589452.0 71
1749328918947 12606976.0 72
1749328919051 12596892.0 73
1749328919156 12596348.0 74
1749328919269 12593574.0 75
1749328919377 12595603.0 76
1749328919484 12586641.0 77
1749328919588 12566707.0 78
1749328919690 12587886.0 79
1749328919802 12587882.0 80
1749328919906 12581646.0 81
1749328920011 12579858.0 82
1749328920131 12579643.0 83
1749328920252 12577926.0 84
1749328920370 12576881.0 85
1749328920486 12573706.0 86
1749328920587 12572998.0 87
1749328920690 12570186.0 88
1749328920796 12573683.0 89
1749328920903 12566102.0 90
1749328921097 12576845.0 91
1749328921222 12568434.0 92
1749328921327 12566710.0 93
1749328921435 12564966.0 94
1749328921538 12555553.0 95
1749328921642 12561770.0 96
1749328921757 12562039.0 97
1749328921869 12557270.0 98
1749328922007 12558880.0 99
1749328922168 12559489.0 100
1749328922305 12555469.0 101
1749328922415 12551700.0 102
1749328922525 12549069.0 103
1749328922651 12537041.0 104
1749328922805 12545902.0 105
1749328922962 12548856.0 106
1749328923088 12542557.0 107
1749328923205 12544023.0 108
1749328923316 12547215.0 109
1749328923436 12539555.0 110
1749328923552 12545254.0 111
1749328923668 12535204.0 112
1749328923799 12539579.0 113
1749328923920 12534627.0 114
1749328924049 12529901.0 115
1749328924168 12542816.0 116
1749328924287 12536899.0 117
1749328924415 12529121.0 118
1749328924543 12530662.0 119
1749328924666 12535286.0 120
1749328924779 12522299.0 121
1749328924901 12524913.0 122
1749328925016 12533059.0 123
1749328925129 12525290.0 124
1749328925241 12528924.0 125
1749328925367 12521834.0 126
1749328925484 12521614.0 127
1749328925599 12521380.0 128
1749328925704 12524627.0 129
1749328925822 12513729.0 130
1749328925944 12514427.0 131
1749328926053 12528151.0 132
1749328926165 12511437.0 133
1749328926288 12508545.0 134
1749328926403 12522811.0 135
1749328926549 12515005.0 136
1749328926695 12509180.0 137
1749328926834 12508572.0 138
1749328926960 12511218.0 139
1749328927115 12505606.0 140
1749328927249 12505696.0 141
1749328927353 12505892.0 142
1749328927452 12502875.0 143
1749328927565 12504723.0 144
1749328927691 12494726.0 145
1749328927810 12498748.0 146
1749328927954 12494065.0 147
1749328928084 12500636.0 148
1749328928198 12499441.0 149
1749328928313 12498566.0 150
1749328928422 12496996.0 151
1749328928524 12502134.0 152
1749328928626 12499314.0 153
1749328928735 12490991.0 154
1749328928889 12499204.0 155
1749328929059 12487256.0 156
1749328929206 12489132.0 157
1749328929353 12490609.0 158
1749328929497 12487557.0 159
1749328929642 12487648.0 160
1749328929759 12485295.0 161
1749328929867 12493823.0 162
1749328929992 12474956.0 163
1749328930137 12484769.0 164
1749328930250 12484998.0 165
1749328930396 12476175.0 166
1749328930533 12475361.0 167
1749328930688 12479086.0 168
1749328930812 12479913.0 169
1749328930925 12477958.0 170
1749328931056 12482835.0 171
1749328931177 12467581.0 172
1749328931321 12474548.0 173
1749328931465 12476302.0 174
1749328931615 12478177.0 175
1749328931740 12464803.0 176
1749328931851 12464628.0 177
1749328931961 12478317.0 178
1749328932066 12464276.0 179
1749328932170 12464918.0 180
1749328932277 12468422.0 181
1749328932379 12471539.0 182
1749328932481 12467470.0 183
1749328932620 12467858.0 184
1749328932744 12458136.0 185
1749328932878 12456116.0 186
1749328933001 12467392.0 187
1749328933124 12462514.0 188
1749328933225 12458181.0 189
1749328933322 12459999.0 190
1749328933422 12448745.0 191
1749328933522 12453807.0 192
1749328933651 12462568.0 193
1749328933750 12457407.0 194
1749328933850 12456376.0 195
1749328933962 12460771.0 196
1749328934068 12441251.0 197
1749328934184 12447860.0 198
1749328934293 12448571.0 199
1749328934394 12451968.0 200
1749328934513 12444404.0 201
1749328934621 12442026.0 202
1749328934728 12451471.0 203
1749328934827 12437727.0 204
1749328934927 12449660.0 205
1749328935027 12449331.0 206
1749328935135 12450546.0 207
1749328935237 12441944.0 208
1749328935336 12442646.0 209
1749328935435 12442889.0 210
1749328935542 12443709.0 211
1749328935661 12437233.0 212
1749328935761 12437006.0 213
1749328935861 12428773.0 214
1749328935965 12436150.0 215
1749328936066 12441709.0 216
1749328936165 12436892.0 217
1749328936265 12431251.0 218
1749328936363 12433509.0 219
1749328936469 12432303.0 220
1749328936569 12428044.0 221
1749328936670 12428616.0 222
1749328936773 12430555.0 223
1749328936875 12419921.0 224
1749328936976 12430395.0 225
1749328937077 12427237.0 226
1749328937177 12427571.0 227
1749328937276 12422364.0 228
1749328937376 12419086.0 229
1749328937477 12424088.0 230
1749328937576 12420860.0 231
1749328937684 12420442.0 232
1749328937796 12414755.0 233
1749328937896 12412742.0 234
1749328938002 12414113.0 235
1749328938113 12401827.0 236
1749328938213 12427702.0 237
1749328938312 12411173.0 238
1749328938414 12412863.0 239
1749328938515 12406323.0 240
1749328938623 12412193.0 241
1749328938743 12413632.0 242
1749328938844 12411096.0 243
1749328939021 12405042.0 244
1749328939119 12406024.0 245
1749328939223 12407009.0 246
1749328939322 12408581.0 247
1749328939423 12403178.0 248
1749328939523 12407237.0 249
1749328939624 12395491.0 250
1749328939736 12405939.0 251
1749328939837 12406112.0 252
1749328939937 12381120.0 253
1749328940039 12400430.0 254
1749328940138 12397265.0 255
1749328940239 12391041.0 256
1749328940338 12395904.0 257
1749328940439 12395338.0 258
1749328940537 12396993.0 259
1749328940638 12393747.0 260
1749328940741 12388695.0 261
1749328940840 12389222.0 262
1749328940943 12386794.0 263
1749328941045 12392847.0 264
1749328941145 12384527.0 265
1749328941246 12392347.0 266
1749328941346 12388388.0 267
1749328941445 12388585.0 268
1749328941546 12383309.0 269
1749328941651 12388927.0 270
1749328941757 12381760.0 271
1749328941865 12378196.0 272
1749328941973 12381716.0 273
1749328942078 12385242.0 274
1749328942197 12373834.0 275
1749328942297 12379640.0 276
1749328942398 12371629.0 277
1749328942501 12377128.0 278
1749328942600 12373473.0 279
1749328942704 12368179.0 280
1749328942819 12372088.0 281
1749328942925 12370345.0 282
1749328943033 12368632.0 283
1749328943141 12372019.0 284
1749328943246 12367817.0 285
1749328943353 12369873.0 286
1749328943458 12359032.0 287
1749328943557 12366920.0 288
1749328943684 12358433.0 289
1749328943843 12360987.0 290
1749328943994 12366272.0 291
1749328944128 12352722.0 292
1749328944285 12367191.0 293
1749328944424 12356846.0 294
1749328944560 12360845.0 295
1749328944688 12354829.0 296
1749328944819 12355160.0 297
1749328944943 12340060.0 298
1749328945051 12357540.0 299
