1749327760260 16412224.0 0
1749327760403 15903226.0 1
1749327760526 15474335.0 2
1749327760647 15101887.0 3
1749327760792 14789599.0 4
1749327761111 14503803.0 5
1749327761267 14255977.0 6
1749327761411 14066429.0 7
1749327761553 13892511.0 8
1749327761693 13736858.0 9
1749327761834 13631078.0 10
1749327761979 13522090.0 11
1749327762091 13437775.0 12
1749327762226 13358673.0 13
1749327762354 13297637.0 14
1749327762476 13244260.0 15
1749327762616 13203901.0 16
1749327762782 13168227.0 17
1749327762930 13136378.0 18
1749327763060 13111910.0 19
1749327763170 13090086.0 20
1749327763276 13051596.0 21
1749327763380 13061088.0 22
1749327763495 13035320.0 23
1749327763617 13019274.0 24
1749327763774 13013435.0 25
1749327763911 12999346.0 26
1749327764019 12997133.0 27
1749327764140 12980777.0 28
1749327764280 12973565.0 29
1749327764400 12969307.0 30
1749327764532 12955507.0 31
1749327764691 12964097.0 32
1749327764823 12950388.0 33
1749327764954 12940808.0 34
1749327765095 12946047.0 35
1749327765203 12924611.0 36
1749327765305 12927334.0 37
1749327765410 12929373.0 38
1749327765525 12921555.0 39
1749327765666 12913283.0 40
1749327765791 12917445.0 41
1749327765913 12909160.0 42
1749327766035 12907543.0 43
1749327766168 12897331.0 44
1749327766297 12900280.0 45
1749327766412 12899451.0 46
1749327766553 12877768.0 47
1749327766695 12897871.0 48
1749327766806 12876088.0 49
1749327766930 12877588.0 50
1749327767037 12867510.0 51
1749327767159 12876685.0 52
1749327767281 12865261.0 53
1749327767408 12860399.0 54
1749327767535 12859619.0 55
1749327767797 12854758.0 56
1749327767936 12851488.0 57
1749327768080 12840303.0 58
1749327768225 12851469.0 59
1749327768357 12844312.0 60
1749327768481 12846673.0 61
1749327768619 12839428.0 62
1749327768742 12836023.0 63
1749327768863 12838738.0 64
1749327768970 12825222.0 65
1749327769087 12833812.0 66
1749327769196 12816558.0 67
1749327769320 12818579.0 68
1749327769440 12823821.0 69
1749327769563 12821153.0 70
1749327769684 12814527.0 71
1749327769814 12809491.0 72
1749327769937 12800974.0 73
1749327770058 12804813.0 74
1749327770163 12800006.0 75
1749327770275 12803516.0 76
1749327770377 12779598.0 77
1749327770509 12805806.0 78
1749327770646 12795395.0 79
1749327770767 12791782.0 80
1749327770876 12780538.0 81
1749327771002 12792374.0 82
1749327771124 12783761.0 83
1749327771242 12786726.0 84
1749327771358 12783003.0 85
1749327771477 12768481.0 86
1749327771595 12784358.0 87
1749327771716 12769408.0 88
1749327771844 12776910.0 89
1749327771976 12764554.0 90
1749327772079 12769091.0 91
1749327772183 12769014.0 92
1749327772291 12763962.0 93
1749327772400 12760315.0 94
1749327772510 12757194.0 95
1749327772618 12757477.0 96
1749327772745 12755241.0 97
1749327772883 12757189.0 98
1749327772990 12752748.0 99
1749327773099 12750816.0 100
1749327773216 12754401.0 101
1749327773342 12743521.0 102
1749327773455 12743444.0 103
1749327773558 12748948.0 104
1749327773673 12745341.0 105
1749327773779 12738211.0 106
1749327773900 12740241.0 107
1749327774010 12742452.0 108
1749327774119 12737815.0 109
1749327774226 12731136.0 110
1749327774370 12733375.0 111
1749327774486 12729385.0 112
1749327774598 12724143.0 113
1749327774714 12732081.0 114
1749327774843 12730181.0 115
1749327774959 12722648.0 116
1749327775072 12729884.0 117
1749327775185 12714314.0 118
1749327775293 12725101.0 119
1749327775404 12719442.0 120
1749327775515 12723613.0 121
1749327775631 12717924.0 122
1749327775745 12710318.0 123
1749327775853 12718611.0 124
1749327775962 12715729.0 125
1749327776093 12710405.0 126
1749327776212 12705485.0 127
1749327776324 12711245.0 128
1749327776466 12713453.0 129
1749327776607 12697748.0 130
1749327776753 12707557.0 131
1749327776873 12709321.0 132
1749327776988 12712696.0 133
1749327777100 12698502.0 134
1749327777211 12703491.0 135
1749327777336 12687043.0 136
1749327777452 12701484.0 137
1749327777569 12692645.0 138
1749327777686 12695409.0 139
1749327777810 12697284.0 140
1749327777920 12691933.0 141
1749327778036 12688317.0 142
1749327778144 12687187.0 143
1749327778251 12694202.0 144
1749327778357 12687386.0 145
1749327778467 12692154.0 146
1749327778576 12687311.0 147
1749327778689 12686100.0 148
1749327778801 12684332.0 149
1749327778913 12682670.0 150
1749327779024 12677805.0 151
1749327779132 12676662.0 152
1749327779235 12680404.0 153
1749327779341 12677160.0 154
1749327779445 12676369.0 155
1749327779552 12667228.0 156
1749327779659 12675862.0 157
1749327779780 12671145.0 158
1749327779886 12677733.0 159
1749327779991 12664251.0 160
1749327780099 12669641.0 161
1749327780202 12673496.0 162
1749327780307 12661550.0 163
1749327780415 12671350.0 164
1749327780528 12671066.0 165
1749327780639 12665920.0 166
1749327780753 12662853.0 167
1749327780861 12663424.0 168
1749327780970 12664283.0 169
1749327781075 12652180.0 170
1749327781181 12662373.0 171
1749327781288 12659590.0 172
1749327781401 12657151.0 173
1749327781527 12655002.0 174
1749327781720 12658797.0 175
1749327781829 12655368.0 176
1749327781934 12647839.0 177
1749327782038 12648955.0 178
1749327782151 12652530.0 179
1749327782256 12655240.0 180
1749327782373 12653704.0 181
1749327782488 12653172.0 182
1749327782614 12652640.0 183
1749327782739 12645605.0 184
1749327782891 12644113.0 185
1749327783027 12646563.0 186
1749327783174 12646932.0 187
1749327783357 12630703.0 188
1749327783515 12643119.0 189
1749327783650 12645819.0 190
1749327783794 12636820.0 191
1749327783950 12638833.0 192
1749327784081 12639288.0 193
1749327784208 12640968.0 194
1749327784339 12638075.0 195
1749327784467 12631315.0 196
1749327784581 12632317.0 197
1749327784692 12631980.0 198
1749327784811 12627899.0 199
1749327784923 12634973.0 200
1749327785038 12643213.0 201
1749327785154 12627840.0 202
1749327785266 12630621.0 203
1749327785375 12630524.0 204
1749327785488 12628186.0 205
1749327785616 12620717.0 206
1749327785743 12626118.0 207
1749327785861 12622240.0 208
1749327785974 12625658.0 209
1749327786085 12627013.0 210
1749327786194 12629911.0 211
1749327786314 12626235.0 212
1749327786425 12630033.0 213
1749327786540 12621121.0 214
1749327786666 12625076.0 215
1749327786800 12623338.0 216
1749327786916 12623194.0 217
1749327787049 12618461.0 218
1749327787159 12607959.0 219
1749327787274 12621060.0 220
1749327787389 12618166.0 221
1749327787506 12614513.0 222
1749327787618 12621194.0 223
1749327787732 12617329.0 224
1749327787876 12618107.0 225
1749327787999 12609603.0 226
1749327788108 12606591.0 227
1749327788219 12617663.0 228
1749327788325 12611085.0 229
1749327788433 12608140.0 230
1749327788538 12608515.0 231
1749327788650 12611160.0 232
1749327788767 12609608.0 233
1749327788880 12604289.0 234
1749327788988 12603779.0 235
1749327789094 12599126.0 236
1749327789201 12597573.0 237
1749327789315 12601786.0 238
1749327789422 12602170.0 239
1749327789527 12596782.0 240
1749327789636 12599292.0 241
1749327789821 12591849.0 242
1749327789931 12597467.0 243
1749327790039 12593285.0 244
1749327790147 12595473.0 245
1749327790262 12595000.0 246
1749327790367 12601846.0 247
1749327790480 12593315.0 248
1749327790590 12589391.0 249
1749327790699 12592822.0 250
1749327790816 12583373.0 251
1749327790932 12583802.0 252
1749327791042 12587428.0 253
1749327791150 12591165.0 254
1749327791261 12584933.0 255
1749327791370 12585004.0 256
1749327791478 12591572.0 257
1749327791586 12583485.0 258
1749327791703 12586723.0 259
1749327791837 12580977.0 260
1749327792034 12584050.0 261
1749327792198 12582204.0 262
1749327792331 12581357.0 263
1749327792462 12578550.0 264
1749327792598 12579875.0 265
1749327792732 12577989.0 266
1749327792889 12575136.0 267
1749327793049 12581953.0 268
1749327793210 12576662.0 269
1749327793411 12586211.0 270
1749327793581 12565437.0 271
1749327793723 12572525.0 272
1749327793844 12579743.0 273
1749327793979 12565078.0 274
1749327794103 12577728.0 275
1749327794223 12571910.0 276
1749327794346 12575474.0 277
1749327794464 12571776.0 278
1749327794584 12565674.0 279
1749327794709 12568753.0 280
1749327794835 12561467.0 281
1749327794974 12569007.0 282
1749327795094 12568252.0 283
1749327795216 12568244.0 284
1749327795333 12560072.0 285
1749327795469 12565601.0 286
1749327795603 12565030.0 287
1749327795742 12558214.0 288
1749327795863 12555218.0 289
1749327795987 12562719.0 290
1749327796102 12556442.0 291
1749327796220 12556672.0 292
1749327796354 12563758.0 293
1749327796488 12560166.0 294
1749327796611 12553780.0 295
1749327796731 12563734.0 296
1749327796852 12539428.0 297
1749327796971 12557156.0 298
1749327797088 12546520.0 299
