1749328575959 12798350.0 0
1749328576085 12784361.0 1
1749328576195 12765629.0 2
1749328576293 12769960.0 3
1749328576402 12764858.0 4
1749328576570 12749702.0 5
1749328576694 12757271.0 6
1749328576791 12761672.0 7
1749328576897 12750780.0 8
1749328576991 12749123.0 9
1749328577090 12746170.0 10
1749328577191 12739648.0 11
1749328577289 12737128.0 12
1749328577384 12743651.0 13
1749328577481 12719978.0 14
1749328577585 12733793.0 15
1749328577687 12720723.0 16
1749328577788 12720906.0 17
1749328577886 12719613.0 18
1749328577981 12711629.0 19
1749328578075 12715155.0 20
1749328578173 12713170.0 21
1749328578266 12706627.0 22
1749328578373 12705362.0 23
1749328578471 12701266.0 24
1749328578598 12676376.0 25
1749328578709 12699153.0 26
1749328578807 12682145.0 27
1749328578914 12678289.0 28
1749328579029 12690962.0 29
1749328579127 12677839.0 30
1749328579222 12686524.0 31
1749328579321 12676809.0 32
1749328579414 12666511.0 33
1749328579506 12671301.0 34
1749328579598 12674866.0 35
1749328579693 12674304.0 36
1749328579789 12666747.0 37
1749328579886 12660024.0 38
1749328579980 12665669.0 39
1749328580090 12656204.0 40
1749328580187 12655704.0 41
1749328580281 12655191.0 42
1749328580375 12659616.0 43
1749328580469 12647820.0 44
1749328580562 12653641.0 45
1749328580655 12639155.0 46
1749328580749 12650254.0 47
1749328580844 12645498.0 48
1749328580937 12635908.0 49
