1749328135349 198079984.0 0
1749328135491 197804352.0 1
1749328135615 196717008.0 2
1749328135731 193946848.0 3
1749328135842 188619024.0 4
1749328135954 180269216.0 5
1749328136065 168990368.0 6
1749328136178 155556832.0 7
1749328136291 141306752.0 8
1749328136414 127311664.0 9
1749328136532 114924024.0 10
1749328136656 104660816.0 11
1749328136768 96699496.0 12
1749328136881 90407016.0 13
1749328136992 85385968.0 14
1749328137106 80975112.0 15
1749328137220 77058560.0 16
1749328137330 73358776.0 17
1749328137452 69872592.0 18
1749328137562 66478744.0 19
1749328137672 63220256.0 20
1749328137785 60100968.0 21
1749328137898 57030632.0 22
1749328138019 54076036.0 23
1749328138168 51249304.0 24
1749328138310 48538948.0 25
1749328138432 45941836.0 26
1749328138549 43451664.0 27
1749328138661 41050996.0 28
1749328138774 38806960.0 29
1749328138958 36645296.0 30
1749328139066 34614100.0 31
1749328139178 32723976.0 32
1749328139292 30932130.0 33
1749328139419 29267438.0 34
1749328139539 27715130.0 35
1749328139660 26281552.0 36
1749328139774 24941602.0 37
1749328139887 23718116.0 38
1749328140007 22608952.0 39
1749328140118 21603438.0 40
1749328140228 20687392.0 41
1749328140340 19822394.0 42
1749328140454 19062828.0 43
1749328140580 18378622.0 44
1749328140705 17762462.0 45
1749328140822 17198914.0 46
1749328140935 16707470.0 47
1749328141072 16256070.0 48
1749328141206 15862717.0 49
